-0.874339 -0.364742 -0.320147
-0.217414 -0.119478 -0.968739
-0.352934 0.407575 -0.842212
0.535047 -0.70534 0.464994
-0.836845 0.186765 0.514596
-0.334148 -0.331716 0.882219
-0.563164 0.618305 0.54822
0.7175 0.568845 0.402007
0.7158 -0.695405 -0.0635791
0.058495 -0.892082 0.448071
-0.104328 -0.640383 -0.760937
-0.751063 -0.317715 0.578759
-0.283251 0.836159 -0.469689
-0.552102 0.833086 0.0339261
-0.117333 0.49434 0.861314
0.0537186 -0.0182057 0.99839
-0.693602 0.06971 -0.716977
0.798937 0.0969389 0.59355
-0.758051 -0.637576 0.137315
-0.0515029 -0.933945 -0.353687
0.516633 -0.269894 0.812556
-0.698744 0.567655 -0.435344
0.971067 0.206588 0.119791
0.163413 0.198102 -0.966464
-0.946857 0.144918 -0.28716
0.299024 -0.954207 0.00860731
0.898952 0.180578 -0.399096
-0.980008 -0.139631 0.141732
-0.554199 -0.41546 -0.721288
0.113098 -0.557951 0.822131
0.319717 0.879049 -0.353629
-0.156417 0.882172 0.444191
-0.416429 -0.720923 0.553947
0.60605 0.0272343 -0.79496
0.758048 0.63758 -0.137313
0.863751 -0.347912 0.364544
0.0894208 0.65023 -0.754457
-0.310772 -0.946011 0.0921095
-0.879525 0.465958 0.0965337
-0.539737 -0.767912 -0.344957
0.281032 -0.356657 -0.890964
0.417096 0.290135 0.861309
0.282308 0.719932 0.634035
0.39184 0.905061 0.165307
0.399465 -0.755987 -0.518566
0.736912 -0.393922 -0.54935
0.573263 0.516825 -0.635816
-0.0724788 0.996569 -0.0399619
0.960821 -0.249385 -0.120958
-0.476165 0.152131 0.866096