-0.807744 -0.531536 -0.254988
-0.356383 -0.546611 -0.757765
0.181059 0.693953 -0.696884
0.149041 -0.864855 0.479388
-0.999191 0.00663534 0.0396769
0.528531 -0.293284 0.796643
-0.241003 0.2146 0.946501
0.393354 0.775174 0.494346
0.52843 -0.744741 0.407582
0.19368 -0.345388 0.918257
0.25995 0.885826 -0.384367
-0.686122 0.0875105 -0.722204
0.0758754 0.355842 -0.931461
-0.907769 0.0892358 -0.409869
0.372931 -0.610378 0.698828
-0.557035 -0.451972 0.69673
-0.949171 -0.207514 -0.236669
0.922062 -0.241523 0.302436
0.253461 -0.948615 -0.189438
0.774875 -0.608569 0.170917
0.0565223 0.939976 0.336527
-0.760703 0.40291 -0.508915
-0.102541 0.969824 -0.221192
0.790158 -0.0558734 -0.610352
-0.813319 0.200565 0.546156
-0.552792 -0.749889 0.363438
0.780077 -0.567382 -0.263738
-0.0563461 0.509981 0.858338
-0.920144 -0.118286 0.373287
0.68869 -0.436418 -0.579004
0.178806 -0.337043 -0.924354
-0.925177 0.297139 0.236128
-0.779914 -0.470314 0.412963
0.408738 0.454101 -0.79166
0.72623 0.379819 -0.572999
-0.232554 0.791899 0.564637
-0.170795 0.554432 -0.814515
-0.682466 0.533808 0.499289
-0.411622 0.528678 0.742339
-0.480227 0.663318 -0.573927
-0.315989 -0.70259 0.637588
0.583091 0.532918 0.613192
-0.736293 0.632947 -0.239273
-0.932832 0.332449 -0.138935
0.513149 -0.243458 -0.823047
-0.61706 -0.564922 -0.547814
-0.179952 -0.302726 -0.935935
0.18656 0.981094 -0.0514778
0.69963 0.684908 0.203517
-0.568956 0.207543 0.795748
-0.511849 -0.204622 -0.83435
0.298343 0.0479823 -0.953252
-0.714165 -0.697997 0.0526162
-0.197183 -0.904676 0.37773
0.921727 -0.200193 -0.332179
0.120137 -0.853692 -0.506732
0.423745 0.019528 0.905571
0.999243 0.0366906 -0.0129229
0.363103 -0.594861 -0.717145
0.351316 -0.920512 0.17098
0.0214573 -0.66079 0.750264
-0.115479 0.822236 -0.557309
-0.0431083 -0.110693 0.992919
-0.490682 0.796555 0.353174
-0.419207 -0.121537 0.899719
0.136608 0.186081 0.972991
0.489749 -0.759167 -0.428731
0.778924 -0.0958449 0.619751
0.328158 0.447588 0.831852
-0.785814 0.603399 0.135669
-0.210946 0.96836 0.133343
0.00467731 -0.994744 0.102289
-0.419196 0.855252 -0.304663
0.0993488 0.741518 0.663537
-0.488379 0.388704 -0.781278
-0.38767 -0.920297 0.0525809
-0.780839 -0.246579 -0.574011
0.665255 0.209798 0.716534
-0.536278 0.843951 0.012355
-0.215269 -0.421533 0.880891
-0.266898 -0.809799 -0.522486
-0.139618 -0.963571 -0.228116
0.932893 0.109727 0.34303
0.819083 0.417775 0.39315
0.801905 0.542274 -0.250775
0.719275 -0.459098 0.521414
-0.332457 0.134288 -0.933509
0.591752 -0.803306 -0.0672963
-0.00138002 -0.639066 -0.769151
-0.720967 -0.141186 0.678434
-0.526858 -0.807325 -0.265794
0.534271 0.686791 -0.492821
0.924395 0.185916 -0.333061
0.937526 -0.347265 -0.0212526
0.409602 0.89534 0.174907
0.583618 0.8004 -0.136932
-0.919043 -0.382854 0.0937191
0.58477 0.143217 -0.798456
-0.035782 0.00761715 -0.999331
0.915615 0.400443 0.0359815