-0.995801 -0.0911724 -0.00827166
-0.776301 -0.118731 0.61908
-0.862753 0.446522 -0.237222
0.917262 0.353825 0.182863
-0.743691 -0.471222 -0.474209
0.970124 0.148106 0.192158
-0.27605 -0.101249 0.955796
0.0234936 0.0102403 0.999672
-0.27666 -0.849478 0.449273
0.529436 0.455049 0.715981
-0.693117 -0.40755 0.594551
0.0819443 -0.990809 0.107625
0.846652 0.0880173 0.524818
0.508866 0.841377 0.182046
0.278959 -0.172747 0.944638
0.133433 -0.931649 -0.337973
-0.980601 -0.169588 -0.0982959
0.901353 0.10971 0.418959
0.247781 -0.894681 -0.371685
-0.277936 -0.947058 -0.160725
-0.867761 0.221486 0.444899
-0.919315 0.372481 -0.126954
0.913447 -0.40397 0.0492281
-0.064657 -0.751175 -0.656929
-0.185865 0.958101 0.217936
-0.906896 -0.0946956 0.410575
0.785968 -0.38106 -0.486875
-0.647108 -0.718298 -0.255539
-0.848461 0.526758 0.0513811
0.0426182 -0.858015 -0.511854
-0.108386 0.984559 -0.137465
-0.815264 0.42977 0.388127
-0.290625 -0.35862 -0.88709
-0.645934 0.641205 0.414278
0.691286 0.0578242 0.720264
0.585688 0.690945 -0.42375
0.409316 0.907386 -0.0954578
0.308914 -0.94851 -0.0700082
-0.251265 -0.295767 0.921622
-0.0179373 -0.981193 -0.192195
-0.45685 -0.567823 0.684738
-0.405413 -0.397377 0.823245
0.59632 -0.35139 0.721753
-0.713498 0.539145 0.447485
0.44208 -0.537875 -0.717813
0.806584 0.354682 -0.472888
-0.701363 -0.693327 -0.165494
-0.0761885 0.573142 0.815907
0.662692 0.743956 -0.085841
-0.466335 -0.699732 -0.541208
-0.248002 0.134633 -0.959359
0.754949 0.203134 -0.623529
-0.721469 -0.55986 -0.40748
0.991229 -0.117712 0.0600824
0.117256 0.35828 -0.926222
0.934962 -0.173099 0.30965
0.287807 0.340668 0.895049
0.763657 -0.626932 -0.154219
-0.718515 -0.194167 -0.667859
-0.391748 -0.501093 -0.771647
-0.982612 0.078974 0.168035
0.234086 -0.598323 -0.766298
0.324702 0.446191 0.833956
0.681681 0.715228 0.154145
-0.845473 0.328455 0.421061
0.389486 0.510115 -0.766866
0.107524 0.861314 -0.496564
0.739057 0.671056 -0.0589721
0.791855 -0.60996 -0.0302312
-0.668356 0.201856 0.715929
0.088461 0.83431 0.544152
0.214521 -0.454995 0.864269
-0.662016 0.598671 -0.45092
0.299331 -0.84607 0.441098
-0.753281 0.148182 0.640789
0.623384 -0.442163 0.644891
-0.807348 -0.460862 -0.368506
-0.468994 0.556518 -0.685808
-0.939481 0.342561 -0.00517953
-0.561159 -0.00504876 0.827692
0.0278008 -0.577968 0.815585
0.152179 0.707388 -0.690249
0.429626 -0.749954 -0.502981
0.214271 -0.0776641 0.973682
0.672622 0.627488 -0.392223
0.214351 -0.941555 -0.259861
0.132905 -0.366273 -0.920967
0.476836 -0.830762 0.28716
-0.962881 -0.155628 0.220545
-0.413061 0.498674 0.76204
-0.637852 -0.728771 0.249073
0.994134 -0.0868344 -0.0644828
-0.282307 -0.124246 -0.951244
0.89039 0.339275 0.303477
0.8036 0.258546 -0.536079
-0.716401 -0.0837618 -0.692643
-0.629536 0.42829 0.648269
-0.186831 -0.528615 -0.828046
-0.693203 0.336495 -0.63737
-0.163315 0.781379 -0.602308
0.609775 0.144875 -0.779221
0.194604 -0.767573 0.610706
0.752102 0.511413 0.415691
0.602809 0.797877 -0.003513
-0.283767 -0.653512 -0.701711
0.559938 -0.622807 0.546426
0.2596 0.661486 -0.703593
0.667946 0.694276 0.268008
0.742819 -0.611607 -0.272316
-0.572949 0.655012 -0.492634
-0.084903 0.839793 -0.536227
-0.818272 0.46551 -0.33724
0.404862 -0.834493 0.373776
-0.39023 -0.398808 -0.829863
-0.173195 -0.714514 -0.677845
0.256513 -0.687202 -0.679672
-0.701157 0.712321 -0.0312482
0.571601 -0.73782 -0.359018
0.317946 0.241604 -0.916808
-0.466348 -0.0885333 -0.88016
-0.670628 -0.660318 0.337992
0.915293 0.364899 -0.170548
0.0021051 -0.485143 0.874432
-0.789016 -0.150243 -0.595718
-0.961689 -0.238844 0.134568
0.203409 0.979039 0.0103375
0.31456 0.945677 0.0821401
0.494026 0.0438294 0.868341
-0.940103 0.284344 -0.188027
0.783797 -0.403223 0.472306
-0.7 -0.640346 -0.31616
0.672674 0.307691 -0.672931
0.191019 0.889653 -0.414765
-0.956221 -0.283188 -0.0737986
0.954328 -0.0197583 -0.298107
-0.416753 0.653583 -0.63178
0.737686 -0.00511689 -0.675125
-0.49747 -0.791498 -0.35504
0.378686 0.71375 0.589201
0.316969 0.890188 0.327256
-0.379617 0.909738 0.168132
0.578531 0.741465 0.339899
-0.825841 -0.475387 0.303304
-0.387088 -0.287604 -0.87604
-0.713946 0.618443 0.328344
-0.743591 -0.281109 -0.606671
0.568831 -0.794717 0.211795
-0.719996 0.37806 0.58196
-0.395233 0.288133 -0.872221
-0.628039 0.584479 0.513762
-0.449524 -0.856483 -0.253704
-0.161244 0.211779 -0.963924
-0.566269 -0.248372 -0.785908
-0.0842391 0.113774 -0.989929
0.29076 0.78478 0.547338
-0.657491 -0.557686 -0.506649
0.309439 0.950479 -0.0289452
-0.731626 0.644669 -0.221645
-0.518118 0.847932 -0.112095
0.830605 0.424133 0.360842
-0.451622 0.686654 0.569687
0.447879 0.547282 0.707027
0.052274 0.659144 -0.750198
-0.505031 0.444419 -0.739889
0.972425 0.23061 -0.0347615
0.988628 -0.0375247 0.145627
0.241426 -0.932191 0.269692
-0.279342 -0.570619 0.772245
0.971948 -0.145205 0.185019
0.529413 0.65922 -0.533995
0.415997 0.89925 0.135261
0.383761 0.854022 -0.351245
-0.438592 0.378457 -0.815112
-0.621558 -0.586836 0.518931
0.955083 0.176676 -0.237912
-0.930597 -0.268382 0.248918
0.074213 0.765373 0.639293
0.295818 0.849487 -0.43688
0.609165 -0.152374 0.778268
0.626522 0.45229 0.634747
0.933812 0.243453 0.262157
0.862742 0.345728 -0.368983
-0.521702 0.610998 -0.595405
-0.925288 -0.183423 0.331961
-0.00275338 -0.801722 0.597691
-0.39354 -0.848463 -0.35389
0.157389 -0.375782 0.913245
0.859432 0.0420811 -0.509515
-0.0128882 0.400539 0.916189
0.0969267 -0.90403 0.416336
0.090978 0.465544 -0.880336
0.88305 -0.195033 0.426831
-0.55666 -0.128248 -0.820781
0.854254 0.519297 -0.0241148
0.669448 0.352685 0.653799
0.415166 0.296789 -0.859973
-0.884513 -0.374943 0.277586
0.654274 -0.756156 0.0123741
0.216431 0.434514 0.874274
0.384672 -0.892048 0.23723
0.465155 0.632662 0.619169
-0.533495 -0.488996 0.69012
-0.519618 0.743149 -0.421576
-0.0723535 0.966104 -0.247807
0.604899 -0.274862 -0.747361
-0.419162 0.760921 0.49528
0.714066 0.528428 -0.45921
0.493141 0.355768 0.793877
-0.616127 0.556857 -0.557044
0.242004 -0.502464 -0.830039
0.913551 0.214089 -0.345817
0.884453 -0.43453 0.170078
0.800764 0.295152 0.521213
-0.654801 0.702276 0.279363
-0.996708 -0.00755425 0.0807265
0.353093 -0.711285 -0.607782
0.845592 -0.456912 0.276054
0.897224 -0.276626 0.344192
0.649697 0.658953 0.379044
-0.0331222 -0.0943053 0.994992
0.892543 -0.327446 -0.310075
-0.657566 0.449293 -0.604766
-0.251976 0.967608 0.0155909
-0.987327 0.0595617 -0.147099
-0.487888 -0.871607 -0.0476108
0.350842 -0.418694 -0.837618
0.494985 -0.867287 0.0529361
0.397712 -0.164397 0.902662
-0.0403607 0.599053 -0.799691
0.477467 -0.670929 -0.567344
-0.666645 -0.373799 -0.644871
0.585506 0.357576 0.727545
-0.0816336 -0.0146317 -0.996555
0.283288 -0.790145 0.543525
0.820595 0.480503 -0.30942
0.0251157 -0.528625 -0.848484
-0.194996 0.507671 0.839194
0.203222 -0.0601102 -0.977286
-0.98642 -0.124931 0.106622
0.398127 -0.908414 -0.127588
0.708082 -0.424823 0.564044
-0.874671 -0.00180222 0.484713
-0.530688 0.116761 -0.839486
0.276425 0.712221 0.645237
-0.607361 -0.403321 0.684431
0.212919 -0.976593 -0.0305364
0.790173 0.0845993 -0.607017
-0.547203 -0.209341 0.810399
-0.634201 0.771834 0.0453961
0.913353 0.0126693 -0.406971
0.692172 0.720734 0.0379456
0.0791186 0.114843 0.990228
-0.188393 -0.313842 -0.930597
-0.952034 -0.240695 -0.188939
0.702456 -0.140827 0.697656
-0.0581271 -0.994336 -0.0889759
-0.155233 0.693996 0.703045
0.916542 -0.0896837 0.389753
-0.57948 -0.310624 0.753469
-0.266042 -0.951053 0.157223
-0.274798 0.915233 -0.294678
0.646917 -0.721663 0.246375
0.315405 0.937907 -0.144396
0.449017 -0.061198 0.891425
-0.971069 -0.0123555 -0.238479
0.243609 0.535588 0.808579
0.10248 0.991496 -0.0802032
-0.0849589 -0.873432 -0.479477
0.135427 0.521735 0.84229
0.378247 -0.71887 0.583229
-0.15772 -0.79699 -0.583036
-0.744381 0.533879 -0.401087
-0.962806 0.258275 -0.0793695
0.75078 -0.233958 -0.617733
0.0349886 -0.865819 0.499132
0.234093 0.170446 -0.957156
0.624923 0.600902 -0.498385
0.50285 0.327073 -0.800103
-0.463719 0.589564 0.661346
0.0685705 -0.991577 -0.109878
0.747717 0.625103 0.223975
-0.290763 -0.465675 -0.835825
0.200248 -0.975662 0.0893524
-0.807819 -0.589328 0.0109567
-0.90246 -0.424561 0.0728959
0.324385 0.922883 0.207513
0.200584 0.123777 0.971826
0.292359 -0.940896 0.170999
0.326686 -0.458337 0.826561
-0.480657 0.852985 0.203432
-0.810708 -0.273845 -0.517457
0.184474 0.779389 0.598768
-0.4823 -0.326525 -0.812876
-0.283884 -0.957427 -0.0523858
0.454609 -0.549952 0.70063
-0.175362 -0.982223 -0.0669785
-0.970019 0.195553 0.144297
-0.349531 0.211429 0.912757
-0.360186 0.592975 -0.720171
-0.508584 0.0987475 0.855331
0.739418 0.332243 -0.585556
0.478745 -0.0254648 -0.877585
-0.950371 -0.068413 0.303504
-0.419649 -0.734164 0.533759
-0.652081 -0.279142 -0.70489
0.855488 0.202613 0.476537
0.131187 -0.568604 -0.812083
-0.416215 0.897018 -0.148737
-0.775972 -0.549449 -0.309795
0.614056 -0.51453 -0.598494
-0.992344 0.110044 0.0560677
-0.200852 0.839983 -0.50407
0.261698 0.62876 0.732239
0.87676 0.397806 -0.270264
0.490771 0.764971 0.417088
0.214914 0.825663 -0.521625
0.432138 -0.458414 0.776603
-0.676569 0.721207 -0.14871
-0.224344 0.000196901 0.97451
0.573122 -0.818972 -0.0285806
0.507375 -0.159938 0.846753
-0.731487 -0.681049 0.0331551
0.893856 0.129717 -0.429179
0.114635 0.93651 0.331372
0.151277 -0.741757 -0.653385
-0.211727 0.870465 0.444368
0.939267 0.338427 -0.0569713
-0.224812 0.969039 -0.102093
0.135364 -0.470174 -0.872131
-0.824245 0.313979 -0.471208
-0.390013 -0.804405 0.448132
-0.100778 0.00535028 0.994895
-0.504138 -0.406625 0.761906
0.0733107 0.565655 -0.821377
-0.952456 0.164511 0.256445
0.974435 -0.168446 -0.148666
0.649657 0.509511 -0.56422
0.0480209 0.159452 -0.986037
0.166196 0.618736 -0.767818
-0.053539 0.996734 0.0604582
-0.0829409 -0.848187 0.523162
-0.806229 -0.551353 0.214485
-0.779285 -0.0225909 -0.626263
0.0241504 0.503373 0.863732
0.901641 0.223317 0.370368
-0.729444 -0.217256 0.648623
0.153483 0.61679 0.772019
0.369194 0.606702 -0.703994
0.4785 0.861943 -0.167605
0.535237 -0.704081 -0.46668
-0.306461 0.690506 -0.655197
-0.00872495 0.876367 0.481565
-0.667351 -0.469744 -0.577914
-0.192041 -0.948743 0.251012
-0.0641235 -0.922429 -0.380806
-0.0392584 -0.904881 0.423851
0.971985 0.0396838 0.231668
0.347938 0.544325 0.763315
-0.842644 -0.0613225 -0.534969
0.0305925 0.989185 0.143447
0.0518882 -0.787474 -0.61416
0.592773 0.773654 0.223783
-0.476336 -0.210747 -0.853633
0.828838 -0.409275 -0.381473
0.00467328 0.927349 0.374169
0.712917 0.103305 -0.693598
-0.139722 0.989968 -0.0210259
-0.880504 -0.45456 -0.134487
-0.334176 -0.940687 0.0585999
-0.794168 0.315521 0.519369
0.64382 -0.605004 0.468471
-0.754862 -0.313674 0.576014
-0.618063 0.0745397 -0.782587
-0.227032 0.451818 -0.862738
-0.157349 0.932274 -0.325741
0.392188 0.781281 0.48558
-0.559106 0.391767 0.730698
-0.970304 0.172014 -0.170063
-0.0899964 0.479623 0.872847
-0.988213 0.142334 -0.0563607
-0.941898 -0.0818652 -0.325769
0.463614 0.250301 0.849948
-0.644371 -0.211519 0.734878
0.0770948 0.917699 -0.389725
0.598796 -0.158728 -0.785015
-0.882266 0.0823097 -0.463499
-0.316259 0.82321 0.471493
-0.044989 0.107594 0.993177
-0.637036 0.277781 -0.719043
-0.336211 -0.702709 0.627027
-0.0392816 0.74048 0.670929
-0.460594 0.40165 0.791537
0.262027 -0.629376 0.731593
-0.96699 -0.131107 -0.218499
-0.0612211 0.76667 -0.639116
-0.140692 -0.695447 0.70467
-0.186053 -0.196407 -0.962709
0.665847 0.585585 0.462319
-0.871081 -0.452774 0.1903
0.231219 0.960754 0.153262
0.448886 0.0853612 -0.889503
-0.370536 -0.298552 0.879528
0.370538 -0.636422 0.676513
0.954234 -0.27828 -0.10953
-0.873807 0.11073 0.473498
-0.394465 -0.103906 0.913017
0.628889 -0.649148 -0.427909
0.852739 0.316316 0.415669
-0.717535 0.691019 0.0873855
0.735688 0.655923 -0.168906
0.365552 0.63435 0.681155
-0.923076 0.0217976 0.384
-0.928394 -0.202425 -0.311622
0.933864 -0.330189 0.137377
-0.851535 0.497715 0.164827
-0.239861 0.199579 0.950071
-0.267609 0.640092 0.720185
-0.896006 -0.0322187 -0.442872
-0.0492345 0.218329 -0.974633
0.506864 -0.139095 -0.85073
0.838789 -0.3 0.454348
-0.252728 0.629158 -0.735043
-0.341576 0.196567 -0.919069
-0.406657 0.499854 -0.764707
0.576656 0.806997 -0.127372
-0.609896 -0.777171 -0.155023
-0.0830201 -0.374686 -0.923427
-0.911308 -0.305724 -0.275774
-0.222245 -0.939358 -0.261178
-0.93349 0.278733 0.225621
-0.508666 -0.847088 -0.153953
-0.292055 0.0998115 0.951179
0.245502 -0.767938 -0.591608
-0.647434 0.713701 -0.267319
-0.814605 0.0863195 0.573557
0.579156 -0.614444 -0.535759
0.920215 -0.3854 -0.06835
0.415038 0.873008 0.256128
-0.613707 0.690792 -0.382322
-0.606046 -0.111166 0.787624
-0.847377 -0.17228 -0.502266
0.75197 0.557682 -0.35147
-0.768411 -0.49075 0.410742
0.582486 -0.807031 0.0970116
0.629477 0.151684 0.76207
0.299112 0.467545 -0.831826
0.954583 0.256807 -0.151069
-0.466933 -0.809621 0.355649
-0.141666 0.391038 0.909407
0.189315 -0.97173 -0.141072
-0.248431 0.415825 0.874855
0.0318266 -0.192481 0.980784
-0.959049 0.101682 -0.264358
-0.0854033 -0.261842 -0.961325
0.333198 -0.610704 -0.718345
0.821895 -0.019952 0.569289
-0.637994 -0.642674 -0.424187
-0.311183 -0.914238 0.259489
0.487484 -0.869919 -0.0748268
-0.648112 0.743946 0.162772
0.751729 -0.117335 -0.64895
-0.610803 0.0965404 0.785875
-0.584873 0.203103 -0.785285
0.280632 0.902137 -0.327711
0.817814 0.542161 0.19298
0.94264 0.129815 0.307535
0.537821 -0.826625 -0.165651
-0.567623 -0.633715 -0.525557
0.886182 0.445552 0.12714
0.767636 -0.320029 0.555262
0.148546 0.100008 -0.983836
0.585585 0.372857 -0.71977
-0.325418 -0.200846 0.923994
-0.291973 0.922889 0.251054
0.740374 -0.232245 0.6308
0.146506 -0.883415 -0.445099
-0.980403 -0.0391633 0.193073
-0.343971 -0.00233331 0.938977
-0.168233 -0.601574 0.780901
0.531345 -0.453276 0.715691
0.743699 -0.0349652 0.6676
-0.842063 0.463384 0.276051
0.857805 -0.108962 0.502292
-0.86924 -0.494042 -0.018537
-0.525806 -0.667816 0.52683
-0.147616 -0.978299 0.145396
-0.000409786 0.398792 -0.917042
0.661949 -0.679843 -0.315654
0.322142 0.780128 -0.536306
-0.584805 -0.809659 -0.0495513
0.102407 0.891693 0.440904
-0.236382 -0.905596 0.352163
-0.403556 0.826791 0.391867
-0.0838683 -0.1411 -0.986436
-0.978266 -0.206605 0.0175906
0.156076 -0.180856 0.971047
-0.861279 -0.358172 -0.360432
-0.574029 -0.740614 0.349259
0.870583 -0.187996 -0.454689
-0.195579 -0.863801 -0.464324
0.981677 0.144842 -0.123815
0.454089 -0.440395 -0.774503
0.247512 0.232108 0.940672
0.134946 0.230655 -0.963633
-0.0858899 -0.201499 0.975716
0.238108 -0.545604 0.803505
0.0478094 -0.393481 0.918089
-0.673381 0.155159 -0.722831
0.91229 -0.21746 -0.347043
-0.551708 0.680352 0.482432
0.605602 -0.759048 -0.238938
-0.181372 -0.073684 -0.98065
-0.806995 -0.215888 0.549683
-0.602813 -0.668433 0.435677
-0.39699 -0.904395 -0.156424
-0.899701 0.388955 0.198121
-0.700177 -0.108416 0.70569
-0.180648 0.707153 -0.683594
-0.115449 0.202067 0.972543
0.975233 0.061655 -0.212411
0.207258 0.417031 -0.884946
0.417092 -0.632648 -0.652526
0.549893 -0.371368 -0.748133
0.407169 -0.113525 -0.90627
-0.39506 0.874131 0.282528
0.688805 -0.698039 -0.195677
-0.541685 0.840553 0.00689348
-0.483976 -0.61725 -0.620298
-0.75834 0.102575 -0.643738
-0.759753 0.641402 -0.106676
-0.869035 -0.420155 -0.261242
-0.772231 0.526396 0.355763
0.13937 0.985252 0.0992726
-0.45222 0.0360888 -0.891176
0.219234 0.299774 -0.928478
-0.585823 0.725566 0.361063
0.0159732 -0.20343 -0.978959
0.0459406 -0.974201 0.220957
0.112515 -0.136628 -0.984212
0.837051 0.540189 0.0868399
0.0445567 0.742255 -0.668635
0.798986 0.519279 0.303266
-0.551957 -0.793931 -0.254985
-0.385604 0.884089 -0.264002
-0.667128 0.321729 0.671886
0.401726 0.799727 -0.446154
0.860301 -0.43248 -0.269896
-0.363492 -0.757672 -0.542039
-0.814544 0.201557 0.54396
-0.74681 0.00250056 0.665033
0.344492 0.696708 -0.629225
-0.336272 0.939407 -0.0666013
0.730443 -0.681142 0.0499889
0.475488 0.542473 -0.692556
0.148195 -0.820256 -0.552465
0.969211 -0.225231 0.0995039
-0.289594 -0.564151 -0.77322
0.39346 0.350259 0.850005
-0.900338 -0.142922 -0.411052
-0.853707 0.366239 -0.370207
-0.443043 -0.894438 0.0607708
0.856197 -0.300942 -0.419954
0.55994 0.623428 0.545715
-0.922932 -0.349078 0.162301
-0.165185 0.981334 0.0984718
-0.504887 -0.10536 0.856731
0.0149892 0.0521711 -0.998526
0.492394 0.43927 -0.751392
-0.492258 -0.855014 0.163198
0.676263 0.205353 -0.707459
0.176963 0.327846 0.928009
0.00907148 0.210743 0.977499
0.738867 0.266725 0.618816
-0.149432 0.622679 -0.768076
-0.365248 0.671617 0.644612
-0.0246889 0.505364 -0.862553
-0.202334 -0.499331 0.842454
0.994162 0.107085 -0.0132192
0.0606716 0.313267 0.947725
-0.115478 -0.77767 0.617976
-0.37148 -0.0464761 -0.927277
-0.565483 0.503763 -0.653033
0.19847 0.844368 0.497647
0.0156651 -0.0771626 -0.996895
-0.352867 0.0790835 -0.932326
0.790934 0.611842 0.00858924
-0.535401 -0.715778 -0.448338
-0.69076 -0.70875 0.143261
0.389586 -0.783339 0.484359
-0.761459 0.431358 0.483849
-0.3752 0.739721 -0.558603
0.67014 -0.0769552 -0.738234
0.130164 0.971904 -0.196114
0.919421 -0.103393 -0.37944
0.12583 0.967956 0.217318
0.404241 -0.914651 -0.00181242
0.218264 -0.180663 -0.959021
-0.104944 0.905228 0.411764
-0.13592 -0.30484 0.942655
-0.18827 -0.424438 -0.885667
0.499981 0.812353 0.30017
0.981364 -0.0551606 -0.184068
0.280867 -0.361951 0.888879
-0.293395 0.314947 0.902623
-0.489605 0.841119 -0.229796
0.629933 -0.767912 -0.116175
0.815259 -0.532852 -0.226762
0.427596 0.14324 0.892549
-0.192803 0.957084 -0.216375
0.30412 0.844682 0.44048
-0.27401 0.952354 0.133944
-0.499427 0.75684 0.421623
-0.357375 -0.611749 0.705724
0.475581 0.706951 0.523491
0.169603 0.70307 0.690599
0.638243 -0.52706 0.561118
0.223425 0.935314 0.274352
-0.0997375 -0.956737 -0.273326
-0.573647 0.78215 0.243248
-0.254979 0.261883 -0.930808
0.775839 0.0709782 0.626926
0.351136 -0.550713 0.757244
-0.916276 0.144733 -0.373486
0.422502 0.721909 -0.548033
-0.108073 -0.99369 0.0300203
0.384463 0.0362634 0.922428
-0.15376 -0.0979105 0.983245
-0.0797105 -0.579516 -0.811053
0.341982 -0.316121 -0.884938
0.123506 -0.25596 -0.958765
0.0459166 0.959146 -0.279162
-0.0747209 -0.4101 0.908975
0.936675 0.0188148 0.349693
0.654872 0.253019 0.712126
-0.463574 0.88179 0.0868649
-0.934555 0.218106 -0.281136
-0.728225 -0.644138 0.234037
0.368035 0.89956 -0.235248
0.743866 -0.646842 0.168102
0.542377 -0.473734 -0.693832
-0.338096 -0.905247 -0.257332
0.717172 -0.640432 0.274793
-0.186115 0.295425 0.937062
-0.959375 0.0490355 0.277839
0.34781 -0.839737 -0.416977
0.785899 -0.126266 0.605326
0.320983 -0.888015 0.329241
-0.56036 0.818741 0.125142
-0.490666 -0.527798 -0.693308
0.886907 -0.00203399 0.461944
0.681874 -0.192189 -0.705769
0.44835 -0.341061 -0.826232
0.916159 -0.351168 -0.193222
0.871604 -0.072769 -0.484779
0.628845 0.538071 0.561279
-0.270496 -0.734776 -0.622041
-0.175293 0.0544123 -0.983012
-0.227009 0.804893 0.548283
0.51008 0.782692 -0.356667
-0.621914 -0.497288 0.60492
0.732688 -0.3492 -0.584147
0.112422 -0.820357 0.560692
-0.702663 0.0326789 -0.710772
-0.903245 0.420312 0.0865195
-0.512569 0.492763 0.703177
-0.0324895 -0.991462 0.126283
-0.832534 -0.393613 0.389816
-0.741821 -0.381712 -0.551361
0.520165 -0.574144 -0.632287
0.787942 -0.481264 0.384099
-0.350899 0.857933 -0.375261
0.219116 -0.274106 0.936405
0.414318 -0.848529 -0.329149
-0.191556 0.351448 -0.916401
0.556182 0.571606 -0.603265
-0.433195 -0.780359 -0.45098
0.4671 -0.635591 0.614688
-0.492376 0.251245 -0.833332
0.672491 -0.311534 -0.671343
0.800635 -0.594012 0.0783162
-0.822932 -0.557154 -0.111185
-0.703939 0.497219 -0.507192
-0.0235722 0.998076 -0.0573427
-0.973293 0.227291 0.032247
-0.920394 -0.353621 -0.166813
-0.889328 0.260635 -0.375719
0.477057 -0.708953 0.519424
-0.859287 0.199339 -0.471051
0.848416 -0.38059 0.367887
-0.602424 0.393975 -0.694168
0.508685 0.859677 -0.0468635
-0.442208 0.896373 -0.0311179
-0.536496 -0.8032 0.258924
-0.692861 -0.582889 0.42448
-0.115653 -0.933289 0.339995
-0.826197 -0.307001 0.472387
-0.181683 -0.405183 0.896001
0.332465 -0.787388 -0.519122
0.787925 0.403985 0.464726
0.0109316 -0.943686 0.330662
-0.829933 0.0536675 -0.555276
0.126039 -0.942967 0.308102
0.11184 -0.993708 -0.00594005
0.699876 -0.451915 -0.553124
-0.111047 0.435257 -0.893432
0.549641 -0.542432 0.635345
-0.578905 -0.547781 -0.60399
0.0305449 -0.625187 -0.779877
0.665576 -0.733919 0.135537
-0.281156 -0.889373 -0.360509
-0.402077 0.103706 0.909714
0.484043 -0.858188 0.170924
0.653168 -0.246683 0.715904
-0.754968 -0.570942 0.322566
0.991616 0.0728406 0.106731
-0.287719 -0.244428 -0.925998
-0.172674 -0.914663 -0.36548
0.720008 0.161994 0.674793
0.18665 0.521017 -0.832888
-0.58338 -0.455251 -0.672617
0.919055 0.290172 -0.266717
-0.204133 -0.198731 0.958559
0.161235 0.936892 -0.31022
0.243099 -0.842256 -0.481153
-0.871049 0.472745 -0.13336
-0.908056 0.247962 0.337562
-0.441489 -0.20402 0.873764
0.57277 0.477077 -0.666583
-0.271559 0.538586 -0.797609
-0.056808 0.659363 0.749676
0.419205 0.189287 -0.88794
0.188939 -0.851767 0.488667
0.942214 -0.250088 0.222909
0.589222 0.262889 -0.764007
0.358361 0.24281 0.901455
-0.094917 -0.528963 0.84332
0.233639 -0.294473 -0.92666
-0.583389 0.525633 0.619167
0.282225 -0.709549 0.64567
0.393517 -0.362254 0.844936
-0.390846 -0.593607 -0.70347
0.142122 -0.599629 0.787557
-0.476569 0.701721 -0.529595
-0.238771 0.884025 -0.401856
-0.12116 0.893438 -0.432538
-0.676683 -0.733939 -0.0585996
0.241873 0.943228 -0.227638
0.016464 0.965111 0.261321
-0.397278 0.317835 0.860901
0.751529 -0.484856 -0.447346
-0.353255 -0.86489 0.356618
-0.379864 -0.67936 -0.627833
0.211584 0.896577 0.389078
-0.310484 -0.781568 0.541065
0.453181 0.635772 -0.624837
0.299991 -0.935921 -0.184548
0.0967791 -0.283474 0.954084
0.0243296 0.820296 -0.571421
0.954854 0.256092 0.150569
0.312244 0.357634 -0.880115
-0.137256 0.77554 0.616197
-0.573842 -0.359159 -0.73601
0.147224 0.0178976 0.988941
0.941207 -0.245542 -0.232032
0.305716 -0.950685 0.0523087
0.453201 -0.262294 0.851945
-0.759726 -0.645295 -0.0800722
-0.536185 0.615975 0.577131
-0.414616 -0.499322 0.76077
-0.845298 -0.52468 0.100907
-0.059804 -0.633552 0.771385
-0.0785589 0.980132 0.182123
-0.885304 -0.292232 0.361715
-0.36638 0.587042 0.721905
-0.438734 0.15987 -0.884282
0.42581 -0.2297 -0.87517
-0.7001 -0.498229 0.511496
-0.500498 -0.743401 0.443686
-0.419147 0.786174 -0.454144
-0.874138 -0.258978 -0.410869
0.860205 -0.50329 0.082142
-0.250147 -0.663285 0.705322
0.714213 -0.696254 -0.0716276
0.53202 0.149276 0.83347
0.890041 0.445635 -0.0961057
-0.784849 0.428354 -0.4478
-0.220738 -0.974099 0.0490474
0.810804 -0.0338638 -0.584338
0.0561591 -0.667511 0.742479
0.808719 -0.269245 -0.522953
0.0219609 -0.319288 -0.947403
0.396034 -0.910447 0.119347
-0.947245 -0.317213 0.0458438
-0.381893 -0.909653 0.163367
-0.441241 -0.655514 0.612868
-0.586742 0.786812 -0.191469
-0.899204 0.345331 -0.268661
0.797188 0.178379 0.576777
0.945517 0.320178 0.0590152
0.513445 0.855428 0.0679486
0.498444 -0.35937 0.788928
-0.248359 0.725741 0.641574
-0.920026 -0.389365 -0.0441287
0.520622 -0.255014 -0.814813
0.461787 0.843178 -0.275324
-0.5457 -0.00650149 -0.837956
-0.726766 0.221187 -0.650298
-0.695844 0.0903801 0.712483
0.604335 0.789297 0.108578
-0.595733 -0.787733 0.156779
0.169928 -0.688158 0.705381
-0.181283 0.602908 0.776942
0.817709 -0.214984 0.533979
0.560455 0.792147 -0.241647
-0.501632 0.298284 0.81203
-0.324132 -0.832794 -0.448768
-0.455439 0.205466 0.866233
-0.777501 0.276398 -0.564886
0.514283 -0.808928 -0.284865
0.557127 -0.256833 0.789713
-0.92044 0.135344 0.366705
-0.381253 -0.169553 -0.908789
-0.456476 0.820374 -0.344407
0.0900438 -0.0870348 0.992128
-0.873526 -0.205799 0.441134
0.341294 -0.264608 0.901943
-0.894143 0.447078 -0.0251104
0.85119 0.489196 -0.190164
0.730274 0.381462 0.566733
0.577801 -0.0431122 -0.815038
-0.542216 -0.582343 0.605705
-0.0213791 -0.303519 0.952585
-0.743473 0.386979 -0.545431
0.131347 0.219994 0.966618
0.613849 0.72235 -0.318433
-0.881293 0.356605 0.310089
-0.0388108 0.933016 -0.357735
0.703242 0.652458 -0.282398
0.323597 -0.204671 -0.923794
-0.183029 -0.625229 -0.758676
0.899789 -0.353359 0.255965
-0.0306956 -0.724187 0.68892
-0.700692 0.628352 -0.337943
0.492581 0.740315 -0.45749
-0.640569 -0.163863 -0.750214
-0.198728 0.921525 0.333616
0.368162 0.00569748 -0.929744
0.487368 -0.769873 0.412029
-0.774313 -0.620387 0.124736
0.8702 -0.491978 -0.0266266
0.546196 0.072608 -0.834505
-0.814381 -0.0221415 0.579908
0.114271 -0.499731 0.85861
0.0143805 0.98593 -0.166541
-0.3336 0.751723 0.568879
-0.562757 0.192994 0.803777
0.562604 0.254155 0.78669
-0.349941 0.426156 0.834225
-0.45519 -0.00234801 0.890391
-0.119459 0.846955 0.51807
0.563254 -0.758479 0.327801
0.790062 -0.511551 -0.337813
-0.791697 0.597617 0.126767
-0.829454 -0.513196 -0.220535
0.0585894 0.686244 0.725008
0.7135 -0.585312 -0.385133
-0.150437 -0.973373 -0.172956
0.718172 -0.506245 0.477436
0.0383325 -0.711109 -0.702037
0.415389 0.909413 0.0204864
0.759559 0.640928 0.110816
-0.849594 -0.115883 0.51455
0.002857 -0.999966 0.00775523
0.835626 0.153684 -0.527362
0.335524 0.117692 -0.934651
0.708642 0.47842 0.518595
-0.30302 0.880805 0.363816
-0.0632294 0.303124 0.950851
0.243097 -0.401393 -0.883056
-0.255879 -0.805162 -0.535014
-0.642944 -0.764276 0.0500457
0.468885 -0.785489 -0.403924
-0.999125 0.0248331 -0.03365
0.111426 -0.00568422 -0.993756
0.784369 0.573501 -0.236351
-0.00448865 0.884904 -0.465752
-0.809028 0.166336 -0.563742
0.239806 0.748997 -0.617654
-0.541219 0.331991 -0.772569
0.596169 0.0484426 0.801396
0.733712 0.433038 -0.523588
0.429047 0.453243 0.781339
0.781877 -0.552337 0.289123
0.279041 0.568456 -0.773947
0.104107 -0.96989 -0.220169
0.104103 0.419083 0.90196
-0.546102 -0.835673 0.0585126
0.879054 -0.451614 -0.152675
0.0833529 -0.748993 0.657314
-0.0892258 0.321041 -0.942853
0.406324 0.833418 0.374586
-0.780358 0.556124 -0.285949
0.209938 -0.899527 0.383114
0.326876 -0.900297 -0.287432
0.632853 -0.412195 -0.655432
-0.307903 0.355804 -0.882383
0.652173 0.730713 -0.201815
-0.943849 0.311028 0.111406
-0.360157 0.931503 0.0508834
0.830414 -0.545691 -0.112405
0.57131 0.684005 0.453587
0.436438 -0.872615 -0.219239
-0.657393 -0.0127863 0.753439
0.555267 -0.0559214 0.82979
0.960103 -0.0676988 0.271327
-0.147559 0.53296 -0.833175
0.86352 0.249574 -0.43823
0.142193 -0.662271 -0.735649
-0.726088 0.656704 0.203805
-0.0239483 0.813559 0.580989
0.810192 0.574667 -0.115528
-0.226846 -0.747079 0.624831
0.999732 -0.00731478 0.0219617
0.95328 -0.301841 0.0122563
0.0336657 0.290346 -0.956329
-0.387822 -0.920462 -0.0484111
-0.480274 -0.304968 0.822394
0.268601 0.0271837 0.962868
-0.0701426 -0.968471 0.239047
-0.0921781 0.949704 0.299274
-0.159796 -0.883776 0.439778
-0.990471 -0.056905 -0.125417
-0.555435 0.772171 -0.308615
-0.830151 0.554267 -0.0603133
-0.0502754 -0.821344 -0.568213
-0.596998 0.28593 0.749558
-0.272604 0.000855305 -0.962126
-0.0742567 -0.670083 -0.738563
-0.762184 -0.612537 -0.209459
-0.934471 0.030468 -0.354732
-0.596104 -0.7214 -0.352479
-0.742036 0.25952 0.618088
0.994749 0.0264299 -0.0988688
-0.778533 0.627479 0.0124786
-0.768349 -0.404786 0.495769
0.0412886 0.598515 0.800047
-0.634218 -0.0459069 -0.77179
0.0618402 0.997846 0.0218946
-0.494298 0.809681 0.316364
0.0392036 -0.90981 -0.41317
-0.31288 0.818789 -0.481342
0.79313 0.448655 -0.41189
-0.612989 0.786754 -0.0725447
-0.426751 -0.865451 0.262446
0.316956 0.134435 0.938864
-0.339611 0.445311 -0.82847
0.72796 0.596924 0.337278
-0.307663 0.933818 -0.182561
0.162921 -0.967104 0.195361
0.567094 -0.693326 0.444639
-0.0627889 0.689222 -0.721824
0.817336 -0.545445 0.185612
0.211097 0.971715 -0.105866
-0.31864 -0.480326 0.817163
-0.808757 -0.370903 -0.456446
-0.269321 0.766994 -0.582398
0.941004 0.0962929 -0.324406
0.661465 0.414078 -0.625302
0.906137 0.422368 0.0228496
0.716818 -0.58216 0.383748
0.686276 -0.338013 0.644028
0.515805 0.199458 -0.833164
0.980232 -0.196033 -0.0267613
-0.810252 0.55774 -0.180048
0.642554 -0.67562 0.361473
-0.678491 0.485509 0.551299
0.979975 0.187091 0.0681674
0.404483 0.405577 -0.819696
0.346441 -0.516208 -0.783268
0.252112 0.0418662 -0.966792
-0.487197 -0.432947 -0.758417
0.646474 0.0357396 -0.762098
-0.197607 -0.820891 0.535808
0.864075 0.440625 0.243361
0.304977 -0.0863322 -0.948439
0.0261177 -0.427099 -0.903828
0.334546 -0.0694334 0.939818
0.0214084 -0.95362 -0.30025
-0.787658 0.565864 0.243707
0.817195 -0.152457 -0.555831
-0.170738 0.101988 0.980024
0.654099 -0.0471476 0.754938
-0.67282 -0.312109 0.670746
-0.0823977 -0.480119 -0.873325
0.132016 0.789735 -0.599074
-0.294899 0.52971 0.795262
0.954006 -0.134732 -0.267806
-0.292485 -0.389475 0.873362
0.542883 0.543242 0.640442
0.669519 -0.553832 -0.49499