-0.523416 0.823861 -0.217458
0.368253 0.701769 -0.609844
-0.581468 0.8131 0.0276401
0.824508 0.528083 0.203261
-0.452709 0.214783 0.865403
-0.577579 -0.0159632 0.816179
0.120581 -0.669105 0.733321
-0.660457 0.227599 0.715538
-0.385501 -0.693669 0.608451
0.723889 0.689909 -0.00322435
-0.720071 0.34202 -0.603755
-0.603686 -0.638721 0.477074
0.12348 0.939522 -0.319455
-0.161514 0.927412 0.337372
0.336888 -0.734507 0.589072
-0.213613 0.188029 0.958652
-0.642915 -0.114816 -0.757283
0.549931 -0.565944 0.614235
0.361182 -0.527779 0.768763
0.9929 0.0472758 0.109153
0.488718 -0.0848436 0.868307
-0.101153 0.511521 -0.853296
-0.717885 -0.695126 -0.0379552
0.0027526 -0.945271 0.326274
0.514745 0.854069 0.074859
-0.0976 -0.501021 0.859914
-0.122942 0.968051 -0.218546
0.931812 0.0750115 0.355104
0.932235 -0.188563 -0.308839
0.480896 0.351916 0.803053
0.0907187 0.557502 0.825204
-0.772006 0.633674 0.0496353
-0.830914 0.205213 0.517174
0.720863 0.537173 0.437951
0.884326 -0.457556 0.0927926
-0.586036 0.637807 0.499763
-0.818539 0.0828087 -0.568451
0.364747 -0.877641 -0.310974
-0.202932 -0.851425 0.483626
-0.866464 0.46188 -0.189492
0.732656 -0.349236 0.584165
0.0461637 0.0163115 -0.998801
0.207741 -0.0551957 0.976625
-0.154562 0.621142 0.768305
0.54043 0.53727 -0.647516
-0.781466 -0.536817 0.318022
-0.731544 0.434548 0.525369
0.939689 0.298523 0.166937
0.700066 0.334529 0.63087
-0.981742 0.161164 0.101038
-0.55063 0.548865 -0.62893
-0.383483 0.904707 0.185598
0.710093 -0.230485 -0.665316
-0.0633204 0.38534 0.9206
0.815139 0.225957 -0.533377
0.0700327 0.973202 0.219029
0.64433 0.725212 0.242706
0.862131 -0.379909 0.335262
-0.139374 -0.895763 -0.422117
-0.854714 -0.487103 -0.17943
-0.337958 -0.505426 0.793932
0.640645 -0.509204 -0.574705
0.0995096 0.888579 0.4478
-0.321323 0.739324 -0.591736
-0.677783 -0.235041 0.696682
-0.907865 0.415195 0.0582607
-0.738678 0.526266 -0.421187
0.25774 -0.459993 -0.849692
0.614074 0.128205 0.778766
0.232377 0.356885 0.904784
0.519734 0.725784 0.450682
-0.536193 0.454931 0.71101
-0.56112 -0.477357 0.676221
0.287453 0.952371 0.101789
-0.214611 0.0511564 -0.975359
0.16866 -0.978291 -0.120418
-0.349471 -0.0418176 0.936013
0.712127 -0.558298 0.425651
0.579995 0.69396 -0.426645
0.327377 0.574797 0.749955
-0.284423 -0.76234 -0.581327
0.442675 -0.871354 0.211617
-0.761234 -0.391396 0.517041
-0.343549 0.935929 -0.0775282
-0.39285 0.81237 0.430957
-0.9295 -0.234675 -0.284529
-0.142938 -0.629225 -0.763966
-0.465699 -0.271311 0.842327
0.405678 -0.607981 -0.682484
-0.315045 0.434337 0.843859
0.0566241 -0.831127 0.553192
0.612124 -0.789274 0.0484829
-0.955965 -0.292357 -0.0256436
0.367628 0.137674 0.919726
-0.603817 0.750532 0.268527
-0.873403 0.285632 -0.394438
0.133539 -0.648075 -0.749778
0.367023 0.845277 -0.388332
0.525399 -0.381188 -0.760691
0.850131 -0.066069 -0.52241
-0.0960802 0.87249 -0.479092
-0.994408 -0.0374974 -0.0987291
0.340248 0.928628 -0.147922
0.566756 0.802623 -0.185967
-0.488484 -0.866883 0.0994864
0.0662451 0.747578 0.660862
0.307513 -0.00881096 -0.951503
0.933212 0.107343 -0.342919
0.77604 -0.625868 -0.0777909
0.957811 -0.176969 0.22645
0.854091 0.317283 0.412139
-0.655055 -0.724959 0.212924
0.547811 -0.331936 0.767933
-0.444292 -0.817075 0.367413
-0.0796943 0.714289 -0.695298
-0.801849 -0.425086 -0.41993
0.1186 -0.91881 -0.37646
-0.143944 -0.200131 -0.969138
-0.264511 -0.409569 -0.873091
0.879121 0.369533 -0.300984
-0.896146 0.328001 0.298893
0.966889 0.237913 -0.0923205
0.633692 0.311867 -0.707936
-0.717309 0.667384 -0.200166
-0.982502 -0.101198 0.156362
-0.329387 0.55243 -0.765718
-0.293026 -0.955658 -0.0292144
0.171295 0.640216 -0.748854
-0.489244 -0.756536 -0.433928
-0.142141 -0.701454 0.698397
-0.509063 0.346276 -0.788003
0.145694 -0.458193 0.876831
0.877438 0.47729 -0.0479217
-0.0878854 -0.0363739 0.995466
0.385058 0.43488 -0.814008
-0.145225 0.986822 0.0713641
0.365397 -0.243391 -0.898469
-0.0387456 0.259575 -0.964945
-0.544453 0.712402 -0.44278
0.732845 0.473894 -0.488224
-0.0807431 -0.979467 -0.184731
0.136816 0.444869 -0.885084
0.591561 -0.777 -0.215236
0.207444 -0.967592 0.143988
0.354383 0.87591 0.327407
0.701394 -0.114575 0.703505
0.114301 -0.231003 -0.966216
-0.284183 0.311721 -0.906681
0.000906948 -0.79711 -0.603834
-0.162726 0.809385 0.564284
-0.252658 -0.938525 0.235235
0.269752 -0.788831 -0.55225
0.304603 0.760944 0.572872
-0.00667867 -0.447341 -0.894338
-0.938716 0.0264267 -0.343677
-0.608575 -0.566373 -0.55575
0.884739 -0.422253 -0.19733
-0.502954 -0.356306 -0.787454
-0.653758 0.130219 -0.745415
0.141019 0.820486 -0.554001
-0.873283 -0.166092 0.458029
-0.3765 0.656472 0.653676
0.546335 0.547824 0.633566
0.0843147 0.994466 -0.0626784
-0.400188 -0.155179 -0.903199
-0.692623 -0.652717 -0.306975
-0.451663 0.0915926 -0.887475
-0.0429286 -0.996403 0.0730663
0.261292 -0.880361 0.395842
0.404703 -0.912885 -0.0534405
0.0757006 0.167397 0.982979
0.991167 -0.0211693 -0.130922
-0.695091 -0.336457 -0.63533
0.552828 -0.0869203 -0.82875
-0.322145 0.873793 -0.364293
-0.777246 0.556095 0.29436
-0.774772 -0.00982553 0.632165
0.237227 0.227305 -0.944487
0.805154 0.0988157 0.584775
0.754838 0.60586 -0.251302
0.968812 -0.246959 -0.0203629
0.734755 -0.647387 0.202547
0.518253 -0.718218 -0.464302
-0.835272 -0.160249 -0.525967
-0.542033 -0.825898 -0.155221
-0.340134 -0.897945 -0.279292
0.324616 -0.276288 0.904593
0.732243 -0.589303 -0.341383
-0.963296 0.222103 -0.150769
0.863943 -0.146505 0.481808
0.708645 0.0577965 -0.703194
0.813807 -0.355031 -0.460077
-0.91181 -0.319613 0.25778
-0.853938 -0.514564 0.0775567
0.035694 -0.25286 0.966844
-0.4057 -0.579907 -0.706481
0.484388 0.175581 -0.857053
0.532915 -0.745785 0.399757
-0.936039 0.0547428 0.347613
-0.223778 -0.279176 0.933801