-0.559387 -0.825752 -0.0722519
-0.278092 0.177234 -0.944062
-0.639616 -0.537984 -0.549058
-0.0863772 -0.982483 -0.165123
-0.896869 -0.442223 0.00808777
0.146197 -0.747561 0.647903
-0.791499 0.420483 -0.443534
0.463211 -0.394546 0.79358
0.293536 -0.877954 0.378197
0.309489 -0.51146 0.801639
0.343345 -0.80757 -0.479526
0.122616 0.540072 0.832639
-0.125324 0.0788659 -0.988976
-0.597824 0.643201 0.478434
0.507858 -0.0265721 0.861031
-0.152019 0.0982975 0.983477
0.0534889 -0.394741 -0.917234
0.920972 -0.119648 0.370804
0.561242 -0.821904 0.0973776
0.377822 -0.878999 -0.290881
0.642519 0.415348 0.643937
-0.944985 0.306317 -0.114776
0.965311 -0.252992 0.0645747
0.556941 0.641487 -0.527552
-0.698264 0.492557 0.519437
-0.295273 0.914688 0.27597
-0.462181 0.465455 0.754812
0.211264 -0.30097 -0.929938
-0.661619 -0.532091 0.528337
0.453519 -0.789129 0.41424
0.193152 0.0887905 0.977143
-0.369467 0.354266 0.859063
-0.206051 -0.727852 -0.654045
0.797896 0.602197 -0.0268453
0.356199 0.0280261 0.93399
-0.200534 0.905047 -0.375069
-0.608809 -0.681822 -0.40555
-0.845223 0.494186 0.203417
-0.969369 0.00612423 -0.245532
-0.586 -0.185331 -0.788832
0.787952 -0.396492 -0.471091
0.881955 0.425787 0.202141
-0.692339 0.222552 0.686394
-0.891663 -0.29312 -0.344989
0.640467 -0.667688 -0.379466
-0.397104 -0.467782 -0.789613
-0.747115 0.296886 -0.594708
-0.485694 0.783052 0.388498
0.671689 0.732807 -0.108761
-0.076139 -0.653622 -0.752981
-0.884344 0.368245 -0.286933
0.193715 0.261912 -0.94545
0.874984 -0.200461 -0.440702
0.632973 0.647564 0.424271
0.303242 0.756697 0.579184
0.114397 0.243276 0.963187
0.589917 -0.760612 0.271049
0.263363 0.847065 -0.461651
0.998701 -0.0434306 0.0266561
-0.356545 -0.73696 0.574252
-0.724512 0.031678 0.688534
0.67113 -0.395236 -0.627194
-0.593899 0.106106 0.797512
0.154568 -0.0833018 0.984464
-0.868458 0.477003 -0.135086
-0.115208 0.274085 -0.95478
-0.436264 -0.870375 -0.228301
0.773538 0.600545 -0.202447
0.217689 0.658123 0.720754
-0.88079 0.247694 0.403555
-0.264277 0.963238 -0.048275
0.398722 0.905918 -0.142592
-0.873883 -0.355759 0.331306
0.482616 0.158496 0.861371
0.658638 -0.216987 -0.720495
0.270254 -0.942414 0.197026
-0.689528 -0.36536 0.62535
0.348036 0.340166 -0.873589
-0.463591 0.856052 0.2286
0.0237315 0.406071 0.913534
-0.821995 0.569173 0.0191277
-0.72779 -0.639849 -0.24681
0.874221 -0.367611 -0.317175
0.159032 -0.26947 0.949787
0.235343 -0.628074 -0.741712
-0.578849 -0.773675 0.257606
0.930122 -0.342712 -0.131989
-0.521379 -0.52219 -0.674894
0.843169 -0.505097 -0.184238
0.581305 -0.781639 -0.22611
0.181967 -0.802212 -0.568634
0.0459709 -0.210731 -0.976463
-0.261322 0.757936 0.597699
0.36538 -0.201982 -0.908681
0.94625 0.0613593 0.317562
0.0989317 0.819849 -0.563968
-0.239174 -0.570085 -0.786002
0.980028 -0.175955 -0.0926601
0.94659 0.303999 -0.107478
0.835413 0.208008 -0.508742
0.983388 0.105585 0.147648
-0.331397 -0.841387 0.4269
0.672711 0.696423 0.249911
-0.756249 0.637134 -0.148821
-0.862683 0.251187 -0.438957
0.0853574 -0.991723 -0.0959133
-0.143276 0.97231 -0.18462
0.854804 -0.310916 0.415501
0.216411 -0.951904 -0.216898
0.683569 0.726437 0.0708751
-0.655832 0.69733 -0.289163
-0.121287 -0.117101 -0.985686
0.525508 -0.096585 -0.845288
-0.91493 -0.114325 -0.387083
0.601602 -0.557831 0.571752
0.0521561 -0.954556 -0.293433
-0.540638 0.48012 -0.690793
-0.00355883 -0.358013 0.93371
-0.24078 0.691446 -0.681122
-0.0311358 -0.968263 0.247986
0.019832 0.667277 0.744545
-0.274684 0.511732 0.814051
0.475318 0.717149 0.509676
-0.492808 -0.759985 0.423748
-0.165652 -0.43613 0.884505
-0.611878 0.775751 0.154322
-0.119175 0.942837 0.311217
-0.524853 0.850745 0.0276084
-0.960527 -0.180938 -0.211304
0.401582 0.627287 0.667265
0.844057 0.382422 0.375926
0.72016 0.291998 -0.62937
0.79788 0.37616 -0.471053
0.0337189 -0.883677 -0.466881
-0.733361 -0.548983 -0.400999
-0.781401 -0.403072 0.476388
0.105657 -0.986455 0.125471
0.600817 -0.672785 0.431716
-0.547661 0.615838 -0.566401
0.985907 -0.00950604 -0.167025
0.694929 0.576288 -0.430077
-0.477223 -0.205053 0.854524
-0.264282 -0.94147 -0.209261
-0.940124 -0.205785 0.271696
-0.630359 0.710128 0.313633
-0.324185 -0.140463 0.935507
-0.726654 -0.649897 0.22273
-0.329444 -0.490726 0.806631
0.659155 -0.018441 -0.751781
0.0611134 0.941482 0.331477
-0.177073 -0.972194 0.153247
0.962219 0.161675 -0.219079
0.750133 -0.371304 0.547205
-0.0112054 -0.533802 0.845535
-0.737046 -0.174408 0.65295
-0.814542 0.147772 0.560968
0.0449486 0.368388 -0.928585
-0.943047 0.192259 -0.271473
0.207758 0.448607 -0.869246
0.833097 -0.16608 0.527605
-0.908128 0.0690958 -0.412951
-0.851249 -0.488879 0.190714
0.496698 0.263601 -0.826925
0.810969 0.481578 -0.332283
0.53875 0.815227 -0.212491
-0.506304 -0.856248 0.102454
-0.688833 -0.376429 -0.619524
0.725139 -0.655905 -0.20967
0.658239 0.690554 -0.299761
-0.823548 -0.229181 -0.518888
0.879759 0.199929 0.431337
-0.179184 0.974549 0.134714
0.367153 0.834833 0.410186
0.0653274 -0.564324 -0.822965
0.579758 0.371076 -0.725385
-0.338648 -0.773502 -0.535735
-0.474329 -0.39121 0.788648
-0.771207 0.326419 0.546526
0.313346 -0.14813 0.938015
-0.263602 0.364101 -0.893278
-0.363305 0.620143 0.695293
-0.212041 -0.922462 0.322649
-0.494266 0.825908 -0.271249
-0.828042 -0.239931 0.506734
0.220196 0.966277 0.133498
-0.396961 -0.916173 -0.0552163
0.0125931 0.871217 0.490737
0.388323 0.920059 0.051928
-0.827513 -0.0412997 0.559925
0.488071 0.475642 0.731814
0.66542 -0.744552 -0.0534649
0.436211 -0.865642 0.24573
0.233417 0.938993 -0.252604
-0.36818 -0.636374 -0.677843
0.639841 -0.0907186 0.763134
0.504959 -0.688221 -0.52093
-0.327316 -0.321543 0.888524
0.39479 0.889638 0.229534
0.771162 0.547558 0.324792
0.830863 -0.458255 0.315703
-0.6042 0.78551 -0.133855
0.728297 -0.516864 0.449929
0.0929824 0.995614 0.0103285
0.517125 0.0818842 -0.851984
-0.0797794 0.996659 -0.0174961
-0.1647 -0.260703 0.951266
-0.317562 0.917231 -0.240504
-0.641176 -0.657141 0.396307
0.313161 0.218646 0.924188
-0.416129 0.429729 -0.801355
0.931297 -0.258085 0.257057
0.130922 -0.860074 0.493084
-0.917686 -0.36307 -0.161347
0.199392 0.0726697 -0.977222
-0.0781069 0.775785 0.626144
0.72372 -0.62319 0.296419
0.66509 -0.543045 -0.512599
0.464218 -0.548029 0.69582
-0.227139 0.81149 -0.538415
-0.63035 0.400399 0.665086
0.456862 -0.685438 0.566967
0.990365 0.134163 -0.0343237
-0.716959 -0.205972 -0.665992
0.308847 -0.660578 0.684288
-0.602882 0.322607 -0.729697
0.193411 0.860916 0.470548
0.516091 -0.266052 -0.814166
0.891602 -0.452796 -0.00466215
0.954712 0.28631 0.0809376
-0.112205 -0.304423 -0.945905
-0.341025 -0.931731 0.124812
0.0150757 0.046986 0.998782
0.873025 0.0149183 0.487448
0.299016 -0.786434 0.540473
-0.0614218 0.247852 0.966849
-0.838898 -0.464011 -0.284508
0.317121 -0.337259 0.886392
0.0694105 0.983009 -0.169925
0.236162 -0.971714 -0.000118046
0.877044 0.451555 -0.163984
0.529641 -0.564233 -0.633341
-0.184183 -0.598401 0.779739
-0.93469 -0.326819 0.139798
0.761278 -0.0277187 0.647833
-0.969414 0.23682 0.0644417
0.348851 -0.698131 -0.625233
-0.120609 -0.930352 -0.346264
-0.825022 0.415357 0.383167
-0.621452 -0.0906289 0.778193
0.768944 0.0973915 -0.631855
0.865772 -0.0123303 -0.500287
-0.00150024 -0.16724 0.985915
-0.720771 -0.0297752 -0.692533
0.356217 0.160007 -0.920601
-0.439407 0.173165 0.88144
0.114379 0.774662 0.621946
0.396339 0.355536 0.846469
0.220794 -0.475152 -0.851752
0.120362 0.913225 -0.389272
-0.464501 -0.792328 -0.395544
-0.0452048 -0.998555 0.029072
-0.164279 -0.848228 -0.50351
-0.430309 0.8963 -0.107146
-0.280097 -0.209336 -0.93687
0.940938 -0.206768 -0.268108
-0.178135 0.655967 0.733468
-0.32813 0.838491 0.435044
-0.563516 -0.357887 -0.744559
-0.0796578 0.539928 0.837934
-0.0220967 -0.805326 0.59242
-0.91154 0.408837 0.0441212
-0.394562 0.727709 -0.561035
-0.592012 -0.768962 -0.241286
0.797107 0.584836 0.15029
-0.301027 -0.876059 -0.376701
0.231657 0.925243 0.300433
0.242511 0.737735 -0.630028
0.931915 0.251121 0.261674
0.896627 0.312615 -0.313578
-0.362824 0.92708 0.094247
0.915112 0.129317 -0.381899
0.776422 -0.25383 -0.576835
-0.383409 -0.607261 0.695868
0.367264 -0.0213443 -0.929872
0.769506 -0.534116 -0.350115
-0.539229 0.562317 0.626923
-0.746646 0.642274 0.173216
-0.903609 -0.114679 0.412722
0.311452 0.516881 0.797391
0.460267 -0.203377 0.864171
-0.322366 0.0422323 0.945672
0.0600444 0.545795 -0.835765
0.0372503 -0.019692 -0.999112
-0.915239 0.33265 0.227335
0.891917 0.451718 0.0208688
-0.518742 -0.642551 0.563945
-0.985701 -0.132076 0.104638
0.401387 0.753257 -0.521048
-0.0928263 0.626517 -0.77386
0.553077 0.298648 0.777763
0.535588 -0.417064 -0.734304
0.568427 0.576325 0.587145
-0.674957 0.460031 -0.576892
0.516231 -0.852376 -0.08343
-0.0219478 -0.682916 0.730167
0.207135 -0.894326 -0.396581
-0.657223 -0.748852 0.0853135
-0.053844 0.872092 -0.48637
0.674912 0.466302 -0.571889
0.779271 0.322722 0.537203
0.154668 -0.448494 0.880302
-0.0698124 0.763714 -0.641769
-0.480007 -0.0207585 0.877019
0.38914 -0.541823 -0.744982
0.400381 0.478461 -0.781518
0.148363 -0.610408 0.778068
0.402349 -0.913016 0.0672083
0.689173 0.239909 0.683728
0.540247 0.841168 -0.0238478
0.204793 -0.113956 -0.972149
-0.741515 0.570369 0.353319
-0.794318 -0.604959 0.0555369
0.372853 -0.382635 -0.845323
0.643816 0.17254 -0.745473
-0.559972 0.169549 -0.810978
-0.788757 0.537556 -0.298156
0.589146 -0.264437 0.763532
0.248175 0.966339 -0.0678158
0.701594 -0.701812 0.123395
-0.907207 0.0704879 0.414736
-0.772046 -0.529737 0.351175
-0.987215 0.126598 -0.0968463
-0.827295 -0.548791 -0.120045
0.241108 0.595323 -0.766457
-0.705524 -0.703941 -0.0818736
-0.434705 0.711132 0.552561
-0.179532 -0.83802 0.515258
-0.030093 -0.792613 -0.608982
-0.496398 -0.671461 -0.550209
0.977095 -0.0904456 0.192625
-0.96739 -0.251394 -0.0309451
-0.427976 0.0733809 -0.900806
0.0832755 0.691417 -0.71764
-0.171748 0.389416 0.904908
0.214947 0.385648 0.897259
-0.995161 0.0563771 0.0804693
-0.535266 0.730041 -0.424889
-0.956298 0.160905 0.24414
0.522737 0.757745 -0.390601
0.530123 0.527386 -0.663953
-0.585002 -0.00866362 -0.810986
0.793536 0.137511 0.592783
-0.411931 -0.869398 0.272874
0.365713 -0.922808 -0.121157
-0.60688 -0.276568 0.745122
0.791443 -0.610309 -0.0337876
0.77176 -0.0899039 -0.629527
0.61823 -0.413308 0.668556
0.129729 -0.93749 0.322928
-0.160868 0.867897 0.469974
0.391345 0.636596 -0.664526
0.724901 -0.22537 0.650943
-0.966854 -0.0180056 0.254695
-0.261919 -0.39143 -0.882146
-0.68002 0.588156 -0.437773
-0.398154 0.597654 -0.695904
0.0965251 -0.712338 -0.695167
-0.426628 0.267905 -0.863838
-0.222821 -0.974326 -0.0322325
-0.0405223 -0.90578 0.421805
-0.280812 -0.0211417 -0.95953
-0.542882 0.293479 0.786861
0.527113 0.780915 0.335147
-0.69698 0.717085 0.0028513
0.0128486 0.985528 0.169024
0.94022 -0.0423029 -0.337929
-0.832959 -0.0556885 -0.550525
0.384002 0.863106 -0.328009
-0.265054 0.232191 0.93586
-0.547797 -0.494482 0.674838
-0.439958 -0.111804 -0.891031
0.493689 -0.785076 -0.374067
-0.257485 0.536862 -0.803418
0.815611 -0.55987 0.146027
0.903066 -0.398612 0.159936
-0.154988 -0.0764097 0.984957
0.547068 0.822557 0.155296
-0.0293259 0.948861 -0.31433
0.0363136 0.173063 -0.984241
-0.198287 -0.72302 0.661758
-0.814571 0.122195 -0.567047
-0.100008 -0.486006 -0.868215
-0.78962 -0.394926 -0.469611
-0.697063 0.149995 -0.701145
-0.428853 -0.292603 -0.854675
-0.995608 -0.061364 -0.0707071
0.638451 0.0924114 0.764094
-0.104603 0.461898 -0.880743
-0.37164 0.833191 -0.409484
0.718271 0.493077 0.490879