-0.702097 -0.624848 -0.341503
-0.793641 -0.247538 -0.555751
-0.438593 0.0513734 -0.897216
-0.226796 0.205265 0.952066
-0.872134 -0.45173 0.187942
0.582256 -0.703683 0.407196
-0.956322 0.287943 -0.0503743
0.889003 0.370429 0.269174
0.471818 -0.88165 0.00902194
-0.971474 0.107939 0.211158
0.207811 -0.365219 -0.90743
0.849844 -0.506818 -0.144574
0.721959 0.176311 -0.669096
-0.541893 0.777549 -0.319014
0.7926 -0.184313 0.581218
0.131136 -0.35382 0.926075
-0.640044 0.0779637 -0.764373
0.716672 -0.546379 0.433419
0.439748 -0.697149 0.56622
-0.521976 0.24279 -0.817676
-0.256472 -0.207812 0.943947
-0.229557 0.0122321 -0.973218
0.287515 0.956573 0.0479976
0.847798 0.191672 -0.49447
-0.596664 -0.240538 0.765594
0.1346 0.00914929 0.990858
0.972125 -0.171323 0.16007
-0.890314 -0.269057 -0.367356
-0.819705 -0.408684 0.401324
0.821311 -0.514181 0.247113
-0.608094 -0.589885 -0.531279
0.433815 0.310775 -0.845709
-0.582309 -0.707169 0.401035
0.251046 0.92203 -0.294682
0.334283 0.534621 0.776167
0.414679 0.676859 -0.608197
-0.24526 0.540181 -0.805017
-0.725465 0.0568918 0.685903
-0.36504 0.33332 0.869278
-0.609032 0.783178 -0.12535
0.934627 -0.329366 -0.134129
0.63385 0.1874 0.75041
-0.404259 0.706764 0.580568
-0.930797 0.305812 0.20024
0.863451 0.00846679 0.504362
-0.345358 -0.155203 -0.925548
-0.127399 0.900396 -0.416
-0.69552 0.398205 0.598067
0.353183 0.692907 0.628603
0.0312572 -0.915409 -0.401309
-0.74825 -0.588418 0.306409
-0.130012 -0.186889 -0.97374
0.115774 -0.813888 -0.56937
-0.33481 0.0276663 0.941879
0.184251 0.498832 -0.846888
0.129136 0.479336 0.868079
0.530659 -0.384086 0.755565
0.80078 0.363085 0.476361
0.402267 -0.550402 0.7316
-0.0131315 -0.926627 0.375753
-0.0122384 -0.508604 0.860914
0.725062 -0.671373 -0.153439
-0.219821 0.66686 0.712022
-0.418067 0.891786 -0.173024
-0.740354 -0.14492 0.65641
0.356669 0.127534 -0.925485
0.655666 -0.754527 0.0281442
0.914107 0.366681 -0.173072
0.65434 0.687483 0.31497
-0.851722 0.00515353 0.523969
0.157587 0.652686 0.741058
0.339461 -0.374905 0.862678
-0.513763 -0.476335 -0.713549
-0.381739 -0.541901 0.748745
0.23694 -0.0441173 -0.970522
-0.186966 -0.908155 -0.374563
0.0063947 0.956489 0.291699
0.301708 0.921703 0.243796
-0.686571 0.277439 -0.672048
-0.231961 0.484343 0.843567
-0.925368 -0.262851 0.273136
-0.237258 -0.357678 -0.903203
0.609708 -0.402309 -0.682937
-0.0886543 0.368351 0.92545
-0.394614 0.396729 -0.828786
0.0461984 -0.678787 0.732881
0.472662 -0.0439888 -0.880145
-0.784312 0.619832 0.0257697
0.560211 -0.810559 -0.170754
0.69292 -0.375511 0.615511
-0.97499 0.108305 -0.194072
-0.385576 0.829933 0.403165
0.460683 -0.201065 0.86449
-0.13897 -0.990269 -0.00736973
0.25841 0.162359 0.952294
0.574734 0.535514 -0.618794
-0.421043 -0.653104 -0.629426
0.918757 0.0121714 -0.394635
0.809802 -0.00747412 -0.586655
0.964586 0.194505 0.178161
0.440401 -0.376955 -0.814833
-0.308731 -0.710843 0.631972
0.0102296 0.964981 -0.262119
-0.0322087 0.812017 -0.582744
-0.109542 -0.770733 0.627671
0.655568 0.703811 -0.273644
0.80654 -0.589259 0.0476115
0.769579 -0.53618 -0.346784
0.270303 -0.96273 -0.00931696
0.170185 0.796374 0.580366
-0.340942 0.918881 0.198538
-0.806979 0.474273 -0.351923
-0.674582 -0.535783 0.507815
-0.388307 0.618935 -0.682742
0.582174 -0.549833 0.598963
0.247194 -0.883156 -0.398661
-0.567127 0.70393 0.427608
-0.082924 -0.319382 0.943991
0.767001 -0.375078 -0.520603
0.64184 -0.196454 0.741248
0.457968 0.180391 0.870474
-0.527692 0.813895 0.243137
-0.567875 0.565383 0.598214
-0.442349 -0.137632 0.886219
-0.765951 -0.627476 -0.139975
-0.992377 -0.093873 -0.0798541
0.704189 0.550924 -0.447885
-0.826472 0.50811 0.242423
-0.782426 -0.449238 -0.43127
0.0673163 -0.831579 0.551312
0.922202 0.380553 0.0687179
0.153097 0.982056 -0.110123
0.000439874 -0.0177853 -0.999842
-0.0215318 -0.373199 -0.927501
-0.0029361 -0.697864 -0.716225
0.1615 -0.962177 -0.219391
0.916877 -0.394624 0.06007
-0.945621 -0.283013 -0.160325
0.169337 0.904143 0.392238
0.651295 0.749788 0.11676
0.255196 0.632053 -0.731699
0.665194 0.374639 0.645881
-0.141702 -0.0346841 0.989302
-0.914228 0.301249 -0.270989
0.523724 0.699436 0.486315
-0.0217492 0.868714 0.494836
0.0648645 -0.997523 -0.027209
-0.902924 0.172407 0.393705
0.559954 0.142958 -0.816097
-0.474551 0.87959 0.0335117
-0.318491 -0.944868 0.0760744
0.3009 -0.518323 -0.8005
-0.730909 -0.0832838 -0.677374
0.65092 -0.54258 -0.530953
-0.649481 -0.759775 -0.0302717
-0.547469 0.442023 -0.710558
-0.528816 0.395613 0.750896
-0.868812 -0.0660762 -0.490714
0.255025 0.31291 -0.914904
-0.910791 0.115696 -0.396325
-0.892375 0.447729 0.0566184
-0.79402 0.108931 -0.598052
0.566956 -0.210963 -0.796276
0.663601 -0.0268969 -0.747603
-0.0932646 0.176367 -0.979896
0.196245 -0.914104 0.354828
-0.0834555 -0.978581 0.188187
0.354796 0.820081 0.448984
0.568644 0.816673 -0.0984301
0.365643 -0.910615 -0.192578
0.780968 0.528365 0.333046
0.938015 0.194645 -0.286777
0.957815 0.00659027 0.287309
-0.791943 0.222879 0.568464
0.341051 0.820053 -0.459562
-0.883043 -0.468263 -0.031066
-0.188067 -0.865009 0.465177
-0.699766 0.668033 0.2531
-0.835956 0.370772 0.404607
0.243368 -0.690834 0.680823
0.816482 -0.364969 0.447386
0.667551 0.543983 0.508388
0.0503656 0.673688 -0.737297
-0.592518 -0.770082 -0.236424
-0.0553344 0.99713 -0.0516647
0.446119 -0.818098 -0.362896
-0.0262338 0.742166 0.669702
0.600714 0.350133 -0.718713
0.905927 -0.334461 0.259678
-0.58297 -0.0143714 0.812366
-0.21726 -0.689101 -0.69133
0.34877 -0.212878 -0.912712
-0.866856 0.476096 -0.147967
0.0351285 0.339565 -0.939926
0.861552 -0.182161 -0.473863
0.133949 0.144024 -0.980467
-0.397585 0.55066 0.733962
0.458564 -0.571068 -0.680882
0.199821 -0.534225 0.821386
0.698061 -0.678323 0.229321
-0.571299 0.595367 -0.564939
0.34221 -0.920665 0.187798
-0.671906 0.631872 -0.386368
-0.422013 -0.344037 0.838775
0.47301 0.828724 -0.29913
0.872524 -0.356226 -0.334372
-0.172634 0.363025 -0.915647
0.369355 -0.0155568 0.929158
-0.631107 0.226193 0.741984
-0.545305 -0.11016 -0.830968
0.899784 0.188462 0.393536
0.0252485 -0.156793 0.987309
-0.277696 0.960533 -0.0161856
0.0963389 0.988674 0.115074
-0.336113 0.867481 -0.366749
-0.504779 -0.85913 0.0842198
0.630825 -0.695099 -0.344814
-0.388774 -0.796024 0.463897
-0.448547 0.740953 -0.499793
-0.565329 -0.446607 0.693502
0.327911 -0.760269 -0.560772
0.187393 0.7829 -0.593255
-0.26057 0.78731 -0.55879
-0.458039 -0.881752 -0.112759
-0.316358 0.210364 -0.925021
-0.723917 -0.347625 0.595903
0.986493 -0.158533 -0.0412097
0.508635 -0.687096 -0.518835
0.844997 0.376818 -0.379458
0.0875271 -0.540011 -0.837095
-0.986261 -0.0966798 0.133951
0.248891 -0.183471 0.950995
-0.216564 0.807187 0.549135
0.72876 -0.210347 -0.651662
0.310275 0.355608 0.88163
-0.100221 -0.82286 -0.559336
0.782764 0.18787 0.593283
0.736362 0.37287 -0.56457
0.414051 -0.830963 0.371568
0.381413 0.915049 -0.131183
0.500248 0.373525 0.781173
-0.50377 -0.633112 0.587695
0.0993057 0.291615 0.951367
0.478983 0.87366 0.0853981
-0.953332 -0.083424 -0.29017
-0.3107 -0.797602 -0.517007
-0.325965 -0.520524 -0.789177
-0.0438084 0.575907 0.81634
-0.85248 -0.211073 0.478254
0.266821 -0.811894 0.519263
0.904271 -0.167127 0.39289
-0.0559433 -0.975126 -0.214474
0.849143 0.525539 -0.0525871
-0.625315 -0.264112 -0.73432
-0.642539 -0.740278 0.197818
-0.193772 0.913951 0.356576
0.729162 -0.00294596 0.684335
-0.268296 -0.949197 -0.164446
-0.138924 0.979995 0.142516
-0.453339 -0.846667 0.278639
-0.441489 -0.319886 -0.838308
0.53976 -0.816889 0.203353
0.407822 0.49903 -0.764625
0.515671 0.549842 0.657082
-0.0342847 0.528234 -0.848407
-0.716546 0.544648 0.435799
-0.201545 0.955701 -0.214512
-0.170461 -0.613842 0.770805
-0.854243 -0.461114 -0.240088
0.726317 0.683874 -0.0691417
0.796334 0.54791 -0.256216
-0.743502 0.642116 -0.186793
-0.779936 -0.620211 0.0838956
0.799502 0.584293 0.139281
-0.392131 -0.862864 -0.318904
0.54939 0.698309 -0.458841
-0.164477 0.683727 -0.71096
0.126074 -0.977032 0.171793
0.100834 -0.19957 -0.974682
-0.711337 0.447457 -0.542016
0.977093 0.206346 -0.0520551
-0.511193 -0.741101 -0.43526
-0.473605 0.159238 0.866222
-0.828189 0.289719 -0.479757
0.949262 -0.157642 -0.272123
0.103033 0.89262 -0.438877
0.494052 0.820775 0.286776
-0.994705 0.101444 0.0164694
0.563365 -0.00907416 0.826158
-0.236222 -0.432763 0.870009
-0.0317332 0.138145 0.989903
0.216397 -0.675505 -0.704887
-0.122766 -0.542465 -0.83106
-0.937331 -0.0584659 0.3435
0.98586 0.0244654 -0.165774
-0.259201 -0.924066 0.280923
-0.956003 -0.288342 0.0540053
-0.680244 -0.413871 -0.604961
0.997842 0.021961 0.0618801
-0.647189 0.758935 0.071853